Radix  1 1 1 1 1 1 1 1 1 1 1 1 1 1 1 1 1 1 1 1 1 1 1 1 1 1 1 1 1 1 1 1 1 1 1 1 1 1 1 1 1 1 1 1 1 1 1 1 1 1 1 1 1 1 1 1 1 1 1 1 1 1 1 1 1 1 1 1 1 1 1 1 1 1 1 1 1 1 1 1 1 1 1 1 1 1 1 1 1 1 1 1 1 1 1 1 1 1 1 1 1 1 1 1 1 1 1 1 1 1 1 1 1 1 1 1 1 1 1 1 1 1 1 1 1 1 1 1 1 1 1 1 1 1 1 1 1 1 1 1 1 1 1 1 1 1 1
Vname  clk rst_n in_valid I11 I12 I13 I14 I15 I16 I17 I18 I19 I110 I111 I112 I113 I114 I115 I116 I117 I118 I119 I120 I121 I122 I123 I124 I125 I126 I127 I128 I129 I130 I131 I132 I21 I22 I23 I24 I25 I26 I27 I28 I29 I210 I211 I212 I213 I214 I215 I216 I217 I218 I219 I220 I221 I222 I223 I224 I225 I226 I227 I228 I229 I230 I231 I232 I31 I32 I33 I34 I35 I36 I37 I38 I39 I310 I311 I312 I313 I314 I315 I316 I317 I318 I319 I320 I321 I322 I323 I324 I325 I326 I327 I328 I329 I330 I331 I332 I41 I42 I43 I44 I45 I46 I47 I48 I49 I410 I411 I412 I413 I414 I415 I416 I417 I418 I419 I420 I421 I422 I423 I424 I425 I426 I427 I428 I429 I430 I431 I432 WL_1_1 WL_1_2 WL_1_3 WL_1_4 WL_2_1 WL_2_2 WL_2_3 WL_2_4 WL_3_1 WL_3_2 WL_3_3 WL_3_4 WL_4_1 WL_4_2 WL_4_3 WL_4_4
IO     i i i i i i i i i i i i i i i i i i i i i i i i i i i i i i i i i i i i i i i i i i i i i i i i i i i i i i i i i i i i i i i i i i i i i i i i i i i i i i i i i i i i i i i i i i i i i i i i i i i i i i i i i i i i i i i i i i i i i i i i i i i i i i i i i i i i i i i i i i i i i i i i i i i
Tunit  ns 
Period 0.5
Trise  0.00
Tfall  0.00
Tdelay 1.0
Vih    0.7
Vil    0.0

1 1 0 1 0 1 1 1 0 1 0 0 1 0 1 0 1 0 0 1 1 0 1 0 1 0 0 0 0 1 1 0 1 1 0 1 1 1 0 0 0 0 0 0 0 1 0 1 1 0 0 0 1 0 0 0 0 1 0 1 0 1 0 1 1 1 1 0 1 0 1 1 0 1 1 0 0 0 1 0 0 1 0 0 0 0 0 1 1 1 1 0 0 1 1 0 1 1 0 0 1 0 0 0 0 1 1 0 0 1 0 0 0 0 1 0 0 1 1 1 1 0 1 1 0 0 1 0 0 0 0 0 1 1 0 0 1 0 1 1 0 1 0 1 0 1 0
0 0 0 1 0 1 1 1 0 1 0 0 1 0 1 0 1 0 0 1 1 0 1 0 1 0 0 0 0 1 1 0 1 1 0 1 1 1 0 0 0 0 0 0 0 1 0 1 1 0 0 0 1 0 0 0 0 1 0 1 0 1 0 1 1 1 1 0 1 0 1 1 0 1 1 0 0 0 1 0 0 1 0 0 0 0 0 1 1 1 1 0 0 1 1 0 1 1 0 0 1 0 0 0 0 1 1 0 0 1 0 0 0 0 1 0 0 1 1 1 1 0 1 1 0 0 1 0 0 0 0 0 1 1 0 0 1 0 1 1 0 1 0 1 0 1 0
1 1 1 1 0 1 1 1 0 1 0 0 1 0 1 0 1 0 0 1 1 0 1 0 1 0 0 0 0 1 1 0 1 1 0 1 1 1 0 0 0 0 0 0 0 1 0 1 1 0 0 0 1 0 0 0 0 1 0 1 0 1 0 1 1 1 1 0 1 0 1 1 0 1 1 0 0 0 1 0 0 1 0 0 0 0 0 1 1 1 1 0 0 1 1 0 1 1 0 0 1 0 0 0 0 1 1 0 0 1 0 0 0 0 1 0 0 1 1 1 1 0 1 1 0 0 1 0 0 0 0 0 1 1 0 0 1 0 1 1 0 1 0 1 0 1 0
0 1 1 1 0 1 1 1 0 1 0 0 1 0 1 0 1 0 0 1 1 0 1 0 1 0 0 0 0 1 1 0 1 1 0 1 1 1 0 0 0 0 0 0 0 1 0 1 1 0 0 0 1 0 0 0 0 1 0 1 0 1 0 1 1 1 1 0 1 0 1 1 0 1 1 0 0 0 1 0 0 1 0 0 0 0 0 1 1 1 1 0 0 1 1 0 1 1 0 0 1 0 0 0 0 1 1 0 0 1 0 0 0 0 1 0 0 1 1 1 1 0 1 1 0 0 1 0 0 0 0 0 1 1 0 0 1 0 1 1 0 1 0 1 0 1 0
1 1 1 1 1 1 1 1 1 1 0 0 0 0 0 0 0 1 0 0 1 1 0 0 0 1 1 0 1 1 1 0 0 0 0 0 1 0 1 1 0 1 1 1 1 1 1 1 0 0 0 1 1 1 1 0 0 1 1 0 1 1 0 1 0 1 0 1 0 0 1 0 0 1 0 1 0 0 0 0 1 0 0 1 0 0 1 0 0 0 0 1 1 1 0 1 1 0 0 0 0 1 0 0 1 0 1 0 1 1 0 0 0 1 0 0 0 1 0 0 0 0 0 0 0 0 0 1 0 1 0 0 1 1 0 0 1 1 1 1 0 1 1 0 1 0 0
0 1 1 1 1 1 1 1 1 1 0 0 0 0 0 0 0 1 0 0 1 1 0 0 0 1 1 0 1 1 1 0 0 0 0 0 1 0 1 1 0 1 1 1 1 1 1 1 0 0 0 1 1 1 1 0 0 1 1 0 1 1 0 1 0 1 0 1 0 0 1 0 0 1 0 1 0 0 0 0 1 0 0 1 0 0 1 0 0 0 0 1 1 1 0 1 1 0 0 0 0 1 0 0 1 0 1 0 1 1 0 0 0 1 0 0 0 1 0 0 0 0 0 0 0 0 0 1 0 1 0 0 1 1 0 0 1 1 1 1 0 1 1 0 1 0 0
1 1 1 1 0 0 0 1 0 1 1 0 1 1 0 1 1 1 1 1 0 0 0 0 0 1 0 0 1 0 1 1 0 0 0 1 1 1 1 1 0 1 0 0 0 1 0 0 1 1 0 0 1 0 1 0 1 1 1 1 0 1 0 1 0 1 1 0 1 0 0 0 0 0 0 0 0 1 1 1 1 1 1 0 0 1 1 1 0 0 1 0 1 0 0 0 0 1 1 1 0 0 1 0 1 0 0 1 1 0 0 0 1 1 1 0 1 1 0 0 1 0 1 0 1 1 1 0 1 0 0 1 1 1 0 1 1 1 0 1 0 0 1 1 1 1 0
0 1 1 1 0 0 0 1 0 1 1 0 1 1 0 1 1 1 1 1 0 0 0 0 0 1 0 0 1 0 1 1 0 0 0 1 1 1 1 1 0 1 0 0 0 1 0 0 1 1 0 0 1 0 1 0 1 1 1 1 0 1 0 1 0 1 1 0 1 0 0 0 0 0 0 0 0 1 1 1 1 1 1 0 0 1 1 1 0 0 1 0 1 0 0 0 0 1 1 1 0 0 1 0 1 0 0 1 1 0 0 0 1 1 1 0 1 1 0 0 1 0 1 0 1 1 1 0 1 0 0 1 1 1 0 1 1 1 0 1 0 0 1 1 1 1 0
1 1 1 1 0 0 1 1 1 1 0 0 0 0 0 1 0 1 1 1 0 0 1 1 1 0 0 0 0 1 1 0 1 1 1 0 0 0 0 0 1 0 1 1 0 1 1 0 1 0 1 1 0 0 0 1 0 1 1 0 1 1 0 0 1 0 0 1 0 1 1 0 1 0 0 0 1 1 0 1 0 1 0 0 1 0 0 1 1 0 0 1 1 0 1 0 1 1 0 0 0 0 0 0 0 0 0 0 0 0 1 1 1 0 1 0 0 0 1 0 1 0 1 1 0 1 1 1 0 1 1 0 0 1 0 0 1 0 0 1 1 0 0 0 0 1 0
0 1 1 1 0 0 1 1 1 1 0 0 0 0 0 1 0 1 1 1 0 0 1 1 1 0 0 0 0 1 1 0 1 1 1 0 0 0 0 0 1 0 1 1 0 1 1 0 1 0 1 1 0 0 0 1 0 1 1 0 1 1 0 0 1 0 0 1 0 1 1 0 1 0 0 0 1 1 0 1 0 1 0 0 1 0 0 1 1 0 0 1 1 0 1 0 1 1 0 0 0 0 0 0 0 0 0 0 0 0 1 1 1 0 1 0 0 0 1 0 1 0 1 1 0 1 1 1 0 1 1 0 0 1 0 0 1 0 0 1 1 0 0 0 0 1 0
1 1 0 1 0 0 1 1 1 1 0 0 0 0 0 1 0 1 1 1 0 0 1 1 1 0 0 0 0 1 1 0 1 1 1 0 0 0 0 0 1 0 1 1 0 1 1 0 1 0 1 1 0 0 0 1 0 1 1 0 1 1 0 0 1 0 0 1 0 1 1 0 1 0 0 0 1 1 0 1 0 1 0 0 1 0 0 1 1 0 0 1 1 0 1 0 1 1 0 0 0 0 0 0 0 0 0 0 0 0 1 1 1 0 1 0 0 0 1 0 1 0 1 1 0 1 1 1 0 1 1 0 0 1 0 0 1 0 0 1 1 0 0 0 0 1 0
0 1 0 1 0 0 1 1 1 1 0 0 0 0 0 1 0 1 1 1 0 0 1 1 1 0 0 0 0 1 1 0 1 1 1 0 0 0 0 0 1 0 1 1 0 1 1 0 1 0 1 1 0 0 0 1 0 1 1 0 1 1 0 0 1 0 0 1 0 1 1 0 1 0 0 0 1 1 0 1 0 1 0 0 1 0 0 1 1 0 0 1 1 0 1 0 1 1 0 0 0 0 0 0 0 0 0 0 0 0 1 1 1 0 1 0 0 0 1 0 1 0 1 1 0 1 1 1 0 1 1 0 0 1 0 0 1 0 0 1 1 0 0 0 0 1 0
1 1 1 1 0 0 0 0 1 1 1 0 0 0 1 1 1 1 1 1 0 0 1 1 0 0 1 1 0 1 0 1 1 1 0 1 0 1 1 1 1 1 0 0 0 1 1 1 1 0 1 1 0 0 0 0 0 0 0 1 1 0 1 0 0 0 1 1 1 0 0 1 1 0 1 0 0 1 0 0 1 0 0 0 1 0 1 0 1 1 0 1 1 1 1 0 0 1 1 0 1 0 0 1 1 0 0 1 0 1 1 1 1 1 1 1 0 0 0 1 0 0 0 1 1 0 0 0 1 0 0 0 1 1 1 1 0 0 1 0 1 0 1 0 0 1 1
0 1 1 1 0 0 0 0 1 1 1 0 0 0 1 1 1 1 1 1 0 0 1 1 0 0 1 1 0 1 0 1 1 1 0 1 0 1 1 1 1 1 0 0 0 1 1 1 1 0 1 1 0 0 0 0 0 0 0 1 1 0 1 0 0 0 1 1 1 0 0 1 1 0 1 0 0 1 0 0 1 0 0 0 1 0 1 0 1 1 0 1 1 1 1 0 0 1 1 0 1 0 0 1 1 0 0 1 0 1 1 1 1 1 1 1 0 0 0 1 0 0 0 1 1 0 0 0 1 0 0 0 1 1 1 1 0 0 1 0 1 0 1 0 0 1 1
1 1 1 1 1 1 0 0 0 1 1 1 1 1 0 1 1 1 1 0 0 0 0 1 0 1 0 1 0 0 0 1 1 0 1 0 0 0 0 1 0 0 1 1 1 0 0 1 0 0 0 1 0 0 0 1 1 1 0 1 1 0 1 1 1 1 1 1 0 1 1 0 0 0 0 1 0 0 1 0 1 1 1 1 1 0 1 1 0 1 1 1 1 0 1 0 0 0 1 0 1 0 0 1 0 1 1 0 0 1 0 0 1 0 0 0 1 0 0 1 0 1 1 0 1 0 0 1 0 1 0 1 1 0 1 0 0 1 0 0 0 1 0 1 0 0 0
0 1 1 1 1 1 0 0 0 1 1 1 1 1 0 1 1 1 1 0 0 0 0 1 0 1 0 1 0 0 0 1 1 0 1 0 0 0 0 1 0 0 1 1 1 0 0 1 0 0 0 1 0 0 0 1 1 1 0 1 1 0 1 1 1 1 1 1 0 1 1 0 0 0 0 1 0 0 1 0 1 1 1 1 1 0 1 1 0 1 1 1 1 0 1 0 0 0 1 0 1 0 0 1 0 1 1 0 0 1 0 0 1 0 0 0 1 0 0 1 0 1 1 0 1 0 0 1 0 1 0 1 1 0 1 0 0 1 0 0 0 1 0 1 0 0 0
1 1 1 0 1 1 1 0 1 1 0 1 0 0 1 0 1 0 1 0 1 1 1 1 1 0 1 0 1 0 1 1 1 1 0 1 0 1 1 0 0 1 1 1 1 1 0 1 0 0 0 0 0 0 0 1 0 1 1 1 0 0 0 0 1 0 0 1 1 0 1 1 0 0 1 0 0 0 1 1 1 0 0 0 0 0 1 0 0 1 0 0 0 0 1 1 0 0 1 0 0 0 0 1 1 1 0 1 0 0 0 1 0 1 1 1 1 0 0 1 0 1 1 1 1 0 1 0 0 1 1 0 0 1 0 1 0 0 0 0 0 0 0 0 0 0 0
0 1 1 0 1 1 1 0 1 1 0 1 0 0 1 0 1 0 1 0 1 1 1 1 1 0 1 0 1 0 1 1 1 1 0 1 0 1 1 0 0 1 1 1 1 1 0 1 0 0 0 0 0 0 0 1 0 1 1 1 0 0 0 0 1 0 0 1 1 0 1 1 0 0 1 0 0 0 1 1 1 0 0 0 0 0 1 0 0 1 0 0 0 0 1 1 0 0 1 0 0 0 0 1 1 1 0 1 0 0 0 1 0 1 1 1 1 0 0 1 0 1 1 1 1 0 1 0 0 1 1 0 0 1 0 1 0 0 0 0 0 0 0 0 0 0 0
1 1 1 1 0 1 1 0 1 1 0 0 0 0 0 1 1 1 1 0 1 0 0 1 1 1 1 0 1 1 1 0 1 0 0 1 0 1 0 0 0 1 1 1 0 1 0 0 0 0 1 0 1 1 0 0 0 0 1 0 0 0 1 1 0 1 1 0 0 1 0 1 0 0 1 0 1 0 0 0 0 0 0 0 0 1 0 0 1 0 1 1 1 0 0 0 1 0 1 0 0 0 0 1 0 0 1 0 1 0 0 1 0 1 0 1 0 1 1 1 0 1 0 0 1 0 0 0 0 1 1 0 0 0 1 0 0 0 1 0 1 1 1 1 0 1 0
0 1 1 1 0 1 1 0 1 1 0 0 0 0 0 1 1 1 1 0 1 0 0 1 1 1 1 0 1 1 1 0 1 0 0 1 0 1 0 0 0 1 1 1 0 1 0 0 0 0 1 0 1 1 0 0 0 0 1 0 0 0 1 1 0 1 1 0 0 1 0 1 0 0 1 0 1 0 0 0 0 0 0 0 0 1 0 0 1 0 1 1 1 0 0 0 1 0 1 0 0 0 0 1 0 0 1 0 1 0 0 1 0 1 0 1 0 1 1 1 0 1 0 0 1 0 0 0 0 1 1 0 0 0 1 0 0 0 1 0 1 1 1 1 0 1 0
1 1 0 1 0 1 1 0 1 1 0 0 0 0 0 1 1 1 1 0 1 0 0 1 1 1 1 0 1 1 1 0 1 0 0 1 0 1 0 0 0 1 1 1 0 1 0 0 0 0 1 0 1 1 0 0 0 0 1 0 0 0 1 1 0 1 1 0 0 1 0 1 0 0 1 0 1 0 0 0 0 0 0 0 0 1 0 0 1 0 1 1 1 0 0 0 1 0 1 0 0 0 0 1 0 0 1 0 1 0 0 1 0 1 0 1 0 1 1 1 0 1 0 0 1 0 0 0 0 1 1 0 0 0 1 0 0 0 1 0 1 1 1 1 0 1 0
0 1 0 1 0 1 1 0 1 1 0 0 0 0 0 1 1 1 1 0 1 0 0 1 1 1 1 0 1 1 1 0 1 0 0 1 0 1 0 0 0 1 1 1 0 1 0 0 0 0 1 0 1 1 0 0 0 0 1 0 0 0 1 1 0 1 1 0 0 1 0 1 0 0 1 0 1 0 0 0 0 0 0 0 0 1 0 0 1 0 1 1 1 0 0 0 1 0 1 0 0 0 0 1 0 0 1 0 1 0 0 1 0 1 0 1 0 1 1 1 0 1 0 0 1 0 0 0 0 1 1 0 0 0 1 0 0 0 1 0 1 1 1 1 0 1 0
1 1 1 0 1 0 1 1 0 1 1 0 0 0 0 1 0 0 0 1 0 1 0 1 0 1 1 0 1 0 0 0 1 1 0 0 1 0 0 1 1 0 0 1 1 0 0 1 0 1 1 0 1 0 0 1 1 1 1 0 1 1 1 0 1 1 1 1 0 1 1 0 1 0 0 1 0 0 0 1 0 1 0 1 1 0 0 0 1 0 1 1 0 0 0 1 0 1 0 0 0 1 0 1 1 0 1 0 1 0 0 0 0 0 0 1 1 1 1 0 0 0 1 1 1 1 0 1 1 1 1 1 0 0 0 1 0 1 0 0 0 0 1 1 1 1 1
0 1 1 0 1 0 1 1 0 1 1 0 0 0 0 1 0 0 0 1 0 1 0 1 0 1 1 0 1 0 0 0 1 1 0 0 1 0 0 1 1 0 0 1 1 0 0 1 0 1 1 0 1 0 0 1 1 1 1 0 1 1 1 0 1 1 1 1 0 1 1 0 1 0 0 1 0 0 0 1 0 1 0 1 1 0 0 0 1 0 1 1 0 0 0 1 0 1 0 0 0 1 0 1 1 0 1 0 1 0 0 0 0 0 0 1 1 1 1 0 0 0 1 1 1 1 0 1 1 1 1 1 0 0 0 1 0 1 0 0 0 0 1 1 1 1 1
1 1 1 1 1 0 1 0 0 0 0 1 0 1 0 1 1 1 0 0 0 0 1 0 0 0 0 0 1 1 0 1 1 1 1 0 1 1 0 1 0 1 0 1 0 1 1 1 1 1 0 1 1 1 1 1 0 1 0 0 1 1 0 1 0 0 1 1 1 0 0 1 0 1 0 0 1 1 1 1 1 0 1 1 0 1 0 1 0 1 1 0 1 1 0 1 0 0 0 1 0 0 1 1 0 1 1 0 0 1 0 0 1 0 0 1 0 1 1 1 1 1 1 1 0 1 1 1 1 0 1 0 1 1 0 1 1 1 1 1 0 0 1 0 0 0 0
0 1 1 1 1 0 1 0 0 0 0 1 0 1 0 1 1 1 0 0 0 0 1 0 0 0 0 0 1 1 0 1 1 1 1 0 1 1 0 1 0 1 0 1 0 1 1 1 1 1 0 1 1 1 1 1 0 1 0 0 1 1 0 1 0 0 1 1 1 0 0 1 0 1 0 0 1 1 1 1 1 0 1 1 0 1 0 1 0 1 1 0 1 1 0 1 0 0 0 1 0 0 1 1 0 1 1 0 0 1 0 0 1 0 0 1 0 1 1 1 1 1 1 1 0 1 1 1 1 0 1 0 1 1 0 1 1 1 1 1 0 0 1 0 0 0 0
1 1 1 1 0 0 1 0 1 1 1 1 1 0 1 0 1 0 1 0 0 1 0 1 0 0 0 0 1 0 1 0 0 0 1 0 0 1 0 1 1 1 1 0 1 0 1 0 1 0 1 1 0 0 1 1 0 1 0 0 1 1 0 1 0 0 0 1 0 0 1 0 1 1 0 1 1 1 1 1 1 1 0 0 0 1 0 1 0 1 1 1 0 1 1 0 0 0 0 0 0 0 0 0 1 1 1 1 0 1 0 0 0 0 1 1 0 0 0 0 0 1 0 0 1 1 0 0 0 0 1 0 1 0 1 1 0 0 0 0 0 1 1 1 0 1 1
0 1 1 1 0 0 1 0 1 1 1 1 1 0 1 0 1 0 1 0 0 1 0 1 0 0 0 0 1 0 1 0 0 0 1 0 0 1 0 1 1 1 1 0 1 0 1 0 1 0 1 1 0 0 1 1 0 1 0 0 1 1 0 1 0 0 0 1 0 0 1 0 1 1 0 1 1 1 1 1 1 1 0 0 0 1 0 1 0 1 1 1 0 1 1 0 0 0 0 0 0 0 0 0 1 1 1 1 0 1 0 0 0 0 1 1 0 0 0 0 0 1 0 0 1 1 0 0 0 0 1 0 1 0 1 1 0 0 0 0 0 1 1 1 0 1 1
1 1 1 0 1 1 0 0 0 0 1 1 1 1 1 0 0 0 1 0 0 0 1 0 1 1 0 0 1 1 1 1 1 0 1 0 1 0 1 0 0 1 1 1 1 0 0 0 1 0 0 1 0 0 1 1 1 0 1 1 1 0 1 1 0 1 1 0 1 1 1 1 0 1 0 1 0 1 1 0 0 1 0 1 1 0 0 0 0 0 1 0 0 0 1 0 0 0 0 1 0 0 0 1 1 0 0 0 1 1 0 0 0 0 1 1 1 1 1 1 1 1 0 0 1 0 0 0 1 0 1 0 0 1 0 0 1 0 1 1 1 0 0 0 0 0 0
0 1 1 0 1 1 0 0 0 0 1 1 1 1 1 0 0 0 1 0 0 0 1 0 1 1 0 0 1 1 1 1 1 0 1 0 1 0 1 0 0 1 1 1 1 0 0 0 1 0 0 1 0 0 1 1 1 0 1 1 1 0 1 1 0 1 1 0 1 1 1 1 0 1 0 1 0 1 1 0 0 1 0 1 1 0 0 0 0 0 1 0 0 0 1 0 0 0 0 1 0 0 0 1 1 0 0 0 1 1 0 0 0 0 1 1 1 1 1 1 1 1 0 0 1 0 0 0 1 0 1 0 0 1 0 0 1 0 1 1 1 0 0 0 0 0 0
1 1 0 0 1 1 0 0 0 0 1 1 1 1 1 0 0 0 1 0 0 0 1 0 1 1 0 0 1 1 1 1 1 0 1 0 1 0 1 0 0 1 1 1 1 0 0 0 1 0 0 1 0 0 1 1 1 0 1 1 1 0 1 1 0 1 1 0 1 1 1 1 0 1 0 1 0 1 1 0 0 1 0 1 1 0 0 0 0 0 1 0 0 0 1 0 0 0 0 1 0 0 0 1 1 0 0 0 1 1 0 0 0 0 1 1 1 1 1 1 1 1 0 0 1 0 0 0 1 0 1 0 0 1 0 0 1 0 1 1 1 0 0 0 0 0 0
0 1 0 0 1 1 0 0 0 0 1 1 1 1 1 0 0 0 1 0 0 0 1 0 1 1 0 0 1 1 1 1 1 0 1 0 1 0 1 0 0 1 1 1 1 0 0 0 1 0 0 1 0 0 1 1 1 0 1 1 1 0 1 1 0 1 1 0 1 1 1 1 0 1 0 1 0 1 1 0 0 1 0 1 1 0 0 0 0 0 1 0 0 0 1 0 0 0 0 1 0 0 0 1 1 0 0 0 1 1 0 0 0 0 1 1 1 1 1 1 1 1 0 0 1 0 0 0 1 0 1 0 0 1 0 0 1 0 1 1 1 0 0 0 0 0 0
1 1 1 0 1 0 1 0 1 0 0 1 0 1 0 1 0 0 0 1 0 0 0 0 1 1 1 0 1 0 1 1 0 1 1 1 0 1 1 0 0 0 0 1 1 1 0 0 0 0 1 1 1 1 1 1 0 1 0 0 1 0 0 0 0 0 1 1 1 1 1 0 1 0 1 1 0 0 1 1 0 1 1 1 0 1 1 0 1 0 1 0 1 1 1 1 0 1 1 1 0 1 0 0 0 1 1 1 1 1 1 1 0 1 0 0 1 0 1 0 0 1 1 0 1 1 1 0 1 1 1 0 1 0 0 1 0 1 1 0 1 0 0 0 0 1 0
0 1 1 0 1 0 1 0 1 0 0 1 0 1 0 1 0 0 0 1 0 0 0 0 1 1 1 0 1 0 1 1 0 1 1 1 0 1 1 0 0 0 0 1 1 1 0 0 0 0 1 1 1 1 1 1 0 1 0 0 1 0 0 0 0 0 1 1 1 1 1 0 1 0 1 1 0 0 1 1 0 1 1 1 0 1 1 0 1 0 1 0 1 1 1 1 0 1 1 1 0 1 0 0 0 1 1 1 1 1 1 1 0 1 0 0 1 0 1 0 0 1 1 0 1 1 1 0 1 1 1 0 1 0 0 1 0 1 1 0 1 0 0 0 0 1 0
1 1 1 0 0 1 1 0 0 0 0 1 1 1 0 0 1 1 0 0 1 0 0 1 1 0 1 0 0 1 1 1 1 0 0 0 0 1 1 1 1 0 1 0 0 1 0 1 1 1 1 1 0 0 0 0 1 0 0 0 0 1 0 1 1 0 1 0 1 0 1 1 1 1 0 0 0 0 1 1 1 1 0 0 0 1 0 0 1 1 1 0 0 1 1 1 1 0 0 1 0 1 1 0 1 0 1 1 1 0 1 0 0 1 1 0 0 0 1 0 1 1 0 1 0 0 0 1 1 0 1 0 1 0 1 1 0 0 1 0 1 0 0 0 0 1 0
0 1 1 0 0 1 1 0 0 0 0 1 1 1 0 0 1 1 0 0 1 0 0 1 1 0 1 0 0 1 1 1 1 0 0 0 0 1 1 1 1 0 1 0 0 1 0 1 1 1 1 1 0 0 0 0 1 0 0 0 0 1 0 1 1 0 1 0 1 0 1 1 1 1 0 0 0 0 1 1 1 1 0 0 0 1 0 0 1 1 1 0 0 1 1 1 1 0 0 1 0 1 1 0 1 0 1 1 1 0 1 0 0 1 1 0 0 0 1 0 1 1 0 1 0 0 0 1 1 0 1 0 1 0 1 1 0 0 1 0 1 0 0 0 0 1 0
1 1 1 0 0 0 0 0 1 1 0 1 0 0 1 1 1 0 1 0 1 1 0 0 0 1 0 0 0 1 0 1 0 0 1 1 0 1 0 1 1 0 0 1 1 0 1 0 1 1 1 1 0 0 0 0 1 1 0 0 1 0 0 1 0 1 0 1 0 1 1 1 0 0 0 1 1 1 1 1 0 0 1 1 0 0 1 1 0 1 0 1 0 1 0 1 1 0 1 1 0 0 0 0 1 1 0 0 1 1 1 0 1 1 1 0 1 1 0 1 0 0 0 1 1 0 1 0 0 0 1 0 0 0 0 0 0 0 1 0 0 1 1 1 0 1 1
0 1 1 0 0 0 0 0 1 1 0 1 0 0 1 1 1 0 1 0 1 1 0 0 0 1 0 0 0 1 0 1 0 0 1 1 0 1 0 1 1 0 0 1 1 0 1 0 1 1 1 1 0 0 0 0 1 1 0 0 1 0 0 1 0 1 0 1 0 1 1 1 0 0 0 1 1 1 1 1 0 0 1 1 0 0 1 1 0 1 0 1 0 1 0 1 1 0 1 1 0 0 0 0 1 1 0 0 1 1 1 0 1 1 1 0 1 1 0 1 0 0 0 1 1 0 1 0 0 0 1 0 0 0 0 0 0 0 1 0 0 1 1 1 0 1 1
1 1 1 1 0 1 1 1 1 1 1 1 1 0 0 0 0 0 1 1 1 1 1 1 0 1 0 1 0 0 0 1 1 0 1 1 1 0 0 1 0 0 0 0 0 0 1 0 1 0 0 0 1 1 0 1 0 0 0 0 0 0 1 1 1 1 1 0 0 1 0 1 1 1 0 1 1 0 0 1 1 1 1 0 0 1 0 1 1 1 0 0 1 0 1 0 1 0 0 1 0 0 0 1 1 0 1 0 1 0 1 1 0 1 0 0 0 0 1 0 0 1 1 0 0 1 1 0 0 1 1 1 1 1 1 1 0 0 1 1 0 1 1 0 1 0 1
0 1 1 1 0 1 1 1 1 1 1 1 1 0 0 0 0 0 1 1 1 1 1 1 0 1 0 1 0 0 0 1 1 0 1 1 1 0 0 1 0 0 0 0 0 0 1 0 1 0 0 0 1 1 0 1 0 0 0 0 0 0 1 1 1 1 1 0 0 1 0 1 1 1 0 1 1 0 0 1 1 1 1 0 0 1 0 1 1 1 0 0 1 0 1 0 1 0 0 1 0 0 0 1 1 0 1 0 1 0 1 1 0 1 0 0 0 0 1 0 0 1 1 0 0 1 1 0 0 1 1 1 1 1 1 1 0 0 1 1 0 1 1 0 1 0 1
1 1 0 1 0 1 1 1 1 1 1 1 1 0 0 0 0 0 1 1 1 1 1 1 0 1 0 1 0 0 0 1 1 0 1 1 1 0 0 1 0 0 0 0 0 0 1 0 1 0 0 0 1 1 0 1 0 0 0 0 0 0 1 1 1 1 1 0 0 1 0 1 1 1 0 1 1 0 0 1 1 1 1 0 0 1 0 1 1 1 0 0 1 0 1 0 1 0 0 1 0 0 0 1 1 0 1 0 1 0 1 1 0 1 0 0 0 0 1 0 0 1 1 0 0 1 1 0 0 1 1 1 1 1 1 1 0 0 1 1 0 1 1 0 1 0 1
0 1 0 1 0 1 1 1 1 1 1 1 1 0 0 0 0 0 1 1 1 1 1 1 0 1 0 1 0 0 0 1 1 0 1 1 1 0 0 1 0 0 0 0 0 0 1 0 1 0 0 0 1 1 0 1 0 0 0 0 0 0 1 1 1 1 1 0 0 1 0 1 1 1 0 1 1 0 0 1 1 1 1 0 0 1 0 1 1 1 0 0 1 0 1 0 1 0 0 1 0 0 0 1 1 0 1 0 1 0 1 1 0 1 0 0 0 0 1 0 0 1 1 0 0 1 1 0 0 1 1 1 1 1 1 1 0 0 1 1 0 1 1 0 1 0 1
1 1 1 1 0 1 1 0 1 1 0 0 1 0 0 0 1 0 1 0 1 0 0 0 0 0 1 1 1 0 0 0 1 0 0 1 1 0 0 1 1 0 0 0 1 0 0 1 0 0 1 1 1 1 1 1 0 0 1 1 0 1 0 1 0 0 1 0 1 1 1 0 1 1 1 0 0 1 0 0 1 0 1 0 1 0 0 0 0 1 0 1 1 0 1 0 1 0 1 1 0 1 1 0 1 0 1 0 0 0 0 1 0 0 0 1 0 1 0 1 1 0 0 1 1 1 1 1 1 0 0 0 0 0 0 1 1 1 1 1 1 0 1 0 1 1 0
0 1 1 1 0 1 1 0 1 1 0 0 1 0 0 0 1 0 1 0 1 0 0 0 0 0 1 1 1 0 0 0 1 0 0 1 1 0 0 1 1 0 0 0 1 0 0 1 0 0 1 1 1 1 1 1 0 0 1 1 0 1 0 1 0 0 1 0 1 1 1 0 1 1 1 0 0 1 0 0 1 0 1 0 1 0 0 0 0 1 0 1 1 0 1 0 1 0 1 1 0 1 1 0 1 0 1 0 0 0 0 1 0 0 0 1 0 1 0 1 1 0 0 1 1 1 1 1 1 0 0 0 0 0 0 1 1 1 1 1 1 0 1 0 1 1 0
1 1 1 1 0 1 0 0 1 0 0 1 1 0 0 1 0 0 0 1 1 0 0 0 0 0 1 0 0 0 1 1 0 1 1 0 0 1 0 1 1 0 0 1 1 0 0 1 0 1 1 1 1 0 0 0 0 0 1 1 1 1 0 0 0 0 0 1 1 1 0 1 1 0 0 0 1 0 0 1 0 0 1 0 1 0 1 1 0 1 0 1 0 0 0 1 0 1 1 0 0 0 1 1 1 1 0 1 1 0 1 1 1 1 1 1 0 0 0 1 1 1 0 1 1 0 0 0 0 1 1 0 0 0 0 0 1 1 0 0 1 0 0 0 0 1 1
0 1 1 1 0 1 0 0 1 0 0 1 1 0 0 1 0 0 0 1 1 0 0 0 0 0 1 0 0 0 1 1 0 1 1 0 0 1 0 1 1 0 0 1 1 0 0 1 0 1 1 1 1 0 0 0 0 0 1 1 1 1 0 0 0 0 0 1 1 1 0 1 1 0 0 0 1 0 0 1 0 0 1 0 1 0 1 1 0 1 0 1 0 0 0 1 0 1 1 0 0 0 1 1 1 1 0 1 1 0 1 1 1 1 1 1 0 0 0 1 1 1 0 1 1 0 0 0 0 1 1 0 0 0 0 0 1 1 0 0 1 0 0 0 0 1 1
1 1 1 0 0 1 1 1 0 0 0 0 1 0 0 0 0 1 0 0 0 0 0 0 0 0 0 0 0 0 1 1 1 1 1 0 0 1 1 0 1 0 0 0 1 0 1 0 0 0 1 1 0 1 0 1 0 1 1 1 1 0 0 0 0 0 0 1 1 0 0 0 0 0 1 0 0 0 0 1 0 1 0 0 1 1 1 0 0 1 0 0 0 0 1 0 1 0 0 0 0 1 0 0 1 1 1 0 0 1 1 0 0 0 1 0 1 0 0 1 1 1 0 1 0 1 1 1 0 1 0 1 0 0 0 1 0 1 1 1 0 1 1 0 1 0 0
0 1 1 0 0 1 1 1 0 0 0 0 1 0 0 0 0 1 0 0 0 0 0 0 0 0 0 0 0 0 1 1 1 1 1 0 0 1 1 0 1 0 0 0 1 0 1 0 0 0 1 1 0 1 0 1 0 1 1 1 1 0 0 0 0 0 0 1 1 0 0 0 0 0 1 0 0 0 0 1 0 1 0 0 1 1 1 0 0 1 0 0 0 0 1 0 1 0 0 0 0 1 0 0 1 1 1 0 0 1 1 0 0 0 1 0 1 0 0 1 1 1 0 1 0 1 1 1 0 1 0 1 0 0 0 1 0 1 1 1 0 1 1 0 1 0 0
1 1 1 1 1 1 0 0 1 1 1 1 0 1 0 1 1 1 0 1 0 1 1 0 1 0 1 0 1 0 0 1 1 1 0 0 1 0 1 1 1 0 0 0 0 0 0 1 1 1 1 1 0 1 0 1 0 0 1 1 1 0 1 1 0 0 1 0 1 1 0 0 1 1 0 1 0 0 1 0 1 0 0 1 1 0 1 1 1 1 0 1 0 0 0 0 0 0 0 1 1 1 0 1 1 0 0 1 1 0 0 0 0 1 0 1 0 1 0 0 0 1 1 0 1 0 0 0 0 1 1 1 1 1 0 0 1 1 0 0 0 0 0 0 0 0 0
0 1 1 1 1 1 0 0 1 1 1 1 0 1 0 1 1 1 0 1 0 1 1 0 1 0 1 0 1 0 0 1 1 1 0 0 1 0 1 1 1 0 0 0 0 0 0 1 1 1 1 1 0 1 0 1 0 0 1 1 1 0 1 1 0 0 1 0 1 1 0 0 1 1 0 1 0 0 1 0 1 0 0 1 1 0 1 1 1 1 0 1 0 0 0 0 0 0 0 1 1 1 0 1 1 0 0 1 1 0 0 0 0 1 0 1 0 1 0 0 0 1 1 0 1 0 0 0 0 1 1 1 1 1 0 0 1 1 0 0 0 0 0 0 0 0 0